0000000100000000000000
0000000001110000000000
0000000000000000001000
0000000000000000100100
0000000000000000000001
0000000000000000010000
0000000100000000000000
0000000001110000000000
0000000000000000001000
0000000000000000100100
0000000000000000000001
0000001000000000000000
0000000001110000000000
0000000000000000001000
0000000000000000000100
0000001000000000000000
0000000001110000000000
1000000000001100000000
0000000100000000000000
0000000001110000000000
0000000000000000001000
0000000000000000100000
0000000000000000000001
0000000000000000010000
0000000100000000000000
0000000001110000000000
0000000000000000001000
0000000000000000100100
0000000000000000000001
0000001000000000000000
0000000001110000000000
0000000000000000001000
0000000000000000000100
0000001000000000000000
0000000000000000000000
1000000000001110000000
0000000100000000000000
0000000001110000000000